	DC3000 - mock	SUPP1331 - mock	delta - mock
AT1G01180	-1.62399243835783	-1.80811380824889	-0.576068003254166
AT1G01580	2.41906633477942	-0.357239621126903	0.96073818741238
AT1G03020	1.85310344905341	-0.396585380490071	-1.43255230825616
AT1G03090	-3.38787994799574	-3.72967412922507	-1.45021588263322
AT1G03230	1.02727971897778	0.351579364449495	1.40699631960914
AT1G03770	5.06228268259631	4.65092775361528	3.03834519777471
AT1G03870	-4.61301998537011	-3.01103752127365	-4.81395993919783
AT1G05470	-4.96917496250584	-2.57790959492888	-1.33091827485082
AT1G05640	1.59363359825098	1.58041333026415	2.93751809622446
AT1G06265	-0.595161873672114	1.00048126679592	-3.87746761092609
AT1G07200	0.685293740949804	0.513053460658309	2.50563579183207
AT1G07260	5.1800070961798	2.37306529492958	0.358191079934535
AT1G07370	-2.53315423489169	-1.97019535412033	-0.886176662993423
AT1G08115	2.0047283984477	-0.0236338499251167	-1.10305451226673
AT1G08280	-4.29769804421636	-4.39983650015628	-1.23808889790137
AT1G09960	2.49169050742389	2.00227070967446	-0.127092999685792
AT1G10560	4.37177162882173	2.60182404876107	3.68606348634993
AT1G10850	-0.301263254557503	1.81825230993382	0.407764559963854
AT1G10910	-1.36908805885421	-2.04769945568198	-0.515664507654131
AT1G11185	4.88610071764915	3.10636093271797	-0.0715135379195335
AT1G11220	3.87129673564061	5.12418833650037	2.50950765830452
AT1G11540	3.41708163512431	4.42709118249241	0.594428094388334
AT1G11740	-6.14220889345125	-3.4609681949237	-5.28158266404012
AT1G12060	-2.69422651311075	-1.63909550228004	-3.43917916648457
AT1G12244	-3.74713018734838	-6.35378653280164	-3.5486913899828
AT1G12280	-2.64953316488588	-1.33696028282207	-3.18463260643598
AT1G12620	-2.93605274707542	-2.18759887997484	-0.677367317260917
AT1G13420	2.77602003208424	2.09461340699517	-0.601963191859407
AT1G13790	-1.30791962829615	-2.05065858220101	-0.315512914774606
AT1G13830	3.44895951914199	3.66186060497668	1.61874654530002
AT1G14260	1.40386266852823	2.44364486895083	1.34642353325368
AT1G14600	-3.9251279087172	-3.08065277934067	-1.24928487397078
AT1G14900	-2.02344412276342	-1.66774158724221	-0.461245037287386
AT1G15080	-3.52555040687335	-0.169245663754115	-2.42216355372738
AT1G15580	-0.743327319806035	-2.64715714063551	-1.19802068028569
AT1G16820	-3.67596123110888	-1.45819185752816	-0.305523164128799
AT1G17090	-2.91039001034515	0.43256916745816	-0.664155269848521
AT1G17410	1.09502150903176	1.0911792245172	-0.0355153725607014
AT1G17760	-0.592519542568205	-1.0500435124037	-2.5262506031936
AT1G18400	-4.86465315444811	-4.99072059805722	-3.05046588094998
AT1G18710	1.48514190610187	0.344674341018209	-0.744179321140685
AT1G18773	-0.854104953094265	-1.45114817708717	-0.266743462715053
AT1G19190	-1.87455397335507	1.71153501407983	2.72046811292165
AT1G19940	-3.07057311246993	-0.712534716263254	-2.49834574937955
AT1G19950	-1.96023074410728	-0.677357692059346	-2.70329868894223
AT1G22500	-1.28234919172406	-2.18092565139298	-1.12099214923686
AT1G22550	-2.48809326707112	-3.50247044878481	-1.70733483697316
AT1G23052	-4.74131261888125	-4.29517902277821	-3.21589523205716
AT1G23530	0.279112874742737	0.088852136820021	2.74002665996695
AT1G24070	4.72881190886551	-0.864936474176194	0.586494457363827
AT1G24600	2.38249840250579	2.92184611502811	1.10230733962923
AT1G25250	-0.803748257306069	-1.12782483676784	-0.062564235413785
AT1G26090	-0.671265251199611	-0.638042339019151	-1.7867967133619
AT1G26208	-3.31961964729353	-3.17379938712269	-4.98686846509531
AT1G26762	6.76872214086743	0.750187705473009	3.07435350947925
AT1G27150	0.485838947500667	-1.5917320908305	-0.231046643792603
AT1G27460	-4.10358029953146	-0.541768905233811	-2.834499703774
AT1G28010	-0.529941595952197	-0.525074796307382	-1.57079662387135
AT1G28040	4.47940316898543	1.9239362253106	0.704398316607564
AT1G28320	-1.24537909858712	-0.480384812560839	-1.60266051155675
AT1G28715	-1.20317175780216	-3.24736452926968	-2.03123677011978
AT1G29500	-5.32315419174308	-2.52121855794929	-4.78988867213626
AT1G29530	-5.62997542809457	-1.26177027832321	-2.8940416457783
AT1G29600	-0.994067263355021	0.236226096634097	-2.0491058410949
AT1G30840	-4.77875290051081	-1.63937605393743	0.209127972036147
AT1G31820	-3.21761567646705	-3.48990155588364	-1.91314109406723
AT1G31835	-1.37789892880294	-2.26686230746082	-0.942879192472455
AT1G06457	-0.334440311406001	-0.107949629396226	-3.21829569225593
AT1G32350	4.49945489260179	4.80974007507415	2.921707973676
AT1G36070	-0.235905085780005	-0.314095293172362	-1.74456536529731
AT1G42540	1.52012587182203	-0.188801536970429	-1.77421073146283
AT1G45170	0.0989114353983407	-0.0942535152789516	-1.67419828625668
AT1G45191	-2.11411086406033	-3.6428070828311	-1.01121995925068
AT1G46480	-2.9830828023188	-0.354566019595755	-2.98187954414764
AT1G47395	4.95279214108049	1.7797074081668	3.84148224478329
AT1G47400	4.98723373323508	2.83836533671274	4.44326014917446
AT1G49245	-1.44808027240535	-0.654365058262557	-2.0794161587878
AT1G49310	-4.60015705980343	-3.40187544106985	-1.62110827504274
AT1G49832	0.072857583103856	2.08507639600788	0.159367238043123
AT1G50180	-0.0768670054642118	0.484551642929011	1.50453551637138
AT1G50730	-0.468776558431092	-0.626445050765658	-1.91976022487226
AT1G51390	-1.11284535306012	-0.689459222394524	-1.75053786260302
AT1G51913	5.49446844256741	5.72981762495514	4.05916208938026
AT1G52030	4.00485171616959	3.15304287454869	-0.00528885430560377
AT1G52400	1.02843138546655	-0.20253912372567	-1.24582462190422
AT1G52570	-3.91069699099946	-2.09745433591911	-0.458108348413223
AT1G53040	-2.7042912884089	-1.79953638303542	-0.764390654455211
AT1G53520	-1.92808499704642	-2.02870032042848	-0.644032496477977
AT1G53542	-2.70185763659801	-2.04260475636774	-1.01391152156886
AT1G53800	-3.17500028294973	-3.14131915882126	-2.07886128705471
AT1G56170	0.142916398322241	0.275166275534878	-2.19092733953851
AT1G56250	-0.964274422829852	1.92588405047384	3.59853713016743
AT1G56420	-0.799856945632698	-0.211478957727484	-1.3097567290892
AT1G56570	-2.36867246733364	-1.55703309747758	-0.485725836969034
AT1G56720	-5.6245081620367	-4.09955773566437	-1.9271523847022
AT1G58070	4.7438583722146	6.61220278504421	4.13611174964075
AT1G60545	-0.777431978120202	-0.15972742838286	-1.21061903651273
AT1G60690	-2.93921543268356	-3.35368992858761	-1.71973452951747
AT1G61065	2.94428204409725	-1.25038749490509	0.301542974835935
AT1G62150	-2.19772230124739	0.199245935052908	-2.67367760909887
AT1G62370	2.02887629565516	-0.067347117656416	2.34097854690879
AT1G62730	1.4350269842813	1.52974155301273	0.289398568468741
AT1G62870	-4.71453202325608	-1.54095264390794	-2.80065237498167
AT1G62910	-2.94055418153281	-1.15605844040373	-0.0893968603056918
AT1G63260	-2.88337191855502	-2.09464747283621	-3.37871326042818
AT1G63400	-3.23663385339912	-0.613677738889119	0.461576816079215
AT1G63470	-3.51591444173569	-3.09506864335822	-1.68254171963899
AT1G63730	1.03965889893604	0.914393081665492	3.32174370243115
AT1G64563	2.34678413305105	2.27104525105441	1.14384383431448
AT1G64700	1.02492611523338	2.26739096156607	3.39684999544156
AT1G65032	-2.01218061989459	-0.164562759701599	-2.95507284425434
AT1G65380	-2.84667095290791	-2.18081785169979	-1.11911075385191
AT1G65900	-4.10790941374532	-2.49336639778891	-4.08515726170477
AT1G65970	1.45241547962751	2.06374154606501	0.990608109317632
AT1G66370	6.43474409113462	0.960720656086016	-0.500771384634947
AT1G66510	-0.655249696871803	0.17552495479329	-1.49241240181689
AT1G66560	6.26647387864643	2.01292412755901	3.6209047928368
AT1G67195	2.15665462881636	0.0652315863873872	1.63995350086369
AT1G67320	-3.45520199196807	-1.30001729866141	-2.40188258499126
AT1G67520	2.66449108727651	3.48693833506278	4.60353233611808
AT1G67690	-0.670189988028486	-0.323033848859941	-1.44147385433849
AT1G67830	-2.24997743575804	-1.62977852934357	-0.537762353583788
AT1G67856	1.71355869314575	0.833712684999104	2.24317587458073
AT1G68190	-5.97332586265224	-4.81499710682613	-3.36074108103854
AT1G68540	-1.07899712827016	-1.38503192208556	-2.85395566053968
AT1G68620	3.80319261534574	2.07047545469546	0.773889153572576
AT1G68723	3.30590601965273	3.89087303187979	1.48661963861583
AT1G68780	-5.4598535150437	-6.10371560139606	-4.60179936543058
AT1G70170	3.70814294168355	5.01695215412162	6.0239827259914
AT1G70185	3.49848279565185	4.30433198629903	3.24822196907147
AT1G70430	-1.74646304140754	-3.07135112060141	-1.52044912392263
AT1G70830	-1.02345091762978	-0.707682367989188	-1.80369670181032
AT1G70985	-0.621672338548884	-1.15827005786019	-2.96794484640352
AT1G71528	-4.90175302368649	-1.28109349231996	-0.0577413805354485
AT1G72250	2.8382375604634	0.184199132815948	2.53130865914972
AT1G73110	-3.65485959716904	-3.57011261881036	-2.14912681872526
AT1G73177	-0.138725132618399	-1.53958668874443	-0.221038055964055
AT1G73325	2.4913262124354	-1.49919318713442	0.836649792367825
AT1G74140	5.09007751640853	2.53572244295824	4.55630776519695
AT1G74930	1.35785145168861	0.831280798329463	2.58162409432767
AT1G74929	-1.40606022979213	-2.9141041825763	-1.68493034872334
AT1G75090	-0.969385728824466	-2.93850452169629	-0.317350410269204
AT1G75166	-3.83736930393577	-0.221375921711919	-1.41368131935445
AT1G75240	-4.08648435646567	-1.84275313190313	-3.44150045062887
AT1G75390	3.08045150936648	0.325408565003317	2.31161334857323
AT1G75960	-1.82638075257906	-2.61213748530763	-1.28700249148075
AT1G76065	2.03831982452686	0.990682540446594	-0.195277257821036
AT1G76240	-0.880069751703644	-1.07378489699475	-2.220024481382
AT1G76260	1.71336320885901	2.49845690150433	0.574677996789688
AT1G76570	0.16913187214688	-0.437569851312737	-1.56494055843796
AT1G77460	-1.89401966828182	-1.20697021724681	-2.23015267708639
AT1G77960	-2.46375626260826	-2.37935223029683	-1.33551982271588
AT1G78000	1.36552418164937	0.645406746155842	-0.669591308013916
AT1G78230	-1.65582639906692	-2.49089921947446	-1.45980759319278
AT1G78990	-5.53031147910908	-1.39268648168994	-5.70552097658578
AT1G79030	-1.44330392069515	-0.464289428743589	-2.23602253964472
AT1G79540	1.69056806774632	2.0114813063411	0.431709386698357
AT1G79660	-1.75033464839677	-3.04224798279044	-0.857878239580424
AT1G80160	5.25828166074604	-0.0493109217837664	1.62990324630728
AT5G01200	1.83420077956905	-0.172207883384791	1.4037420635101
AT5G01542	-4.22408036242162	-5.57178340374834	-3.67047041031407
AT5G01600	-2.37604539508428	-0.70989175253339	-2.19907433773316
AT5G01620	-1.37286610018166	0.12535701956198	-1.0390375515148
AT5G01770	0.333916016906873	-0.327965459058635	-2.40570961863067
AT5G01840	2.14608123721092	0.464229148468788	-0.625998975214028
AT5G02190	-3.89010164538633	-0.537026080289716	-2.32972729234394
AT5G02860	-0.652806191286416	-1.53447508528085	-0.448102922261068
AT5G02950	-0.103304881147466	-0.921210917044769	-2.32736439078838
AT5G03780	-2.77541777207658	-2.32677038224549	-0.5213439712527
AT5G04620	-1.67370053036037	-2.86335730443464	-0.424856706826957
AT5G04660	0.224107456209414	0.598763566152744	1.83726654116473
AT5G04980	2.12675161717389	2.53179254492615	0.883549567138388
AT5G05085	0.322502060684035	-0.677504267927803	2.4480964282416
AT5G05250	0.919382655370653	-0.112295469775097	1.60483105738184
AT5G05680	2.01720561047636	1.88752482831024	0.755173004692924
AT5G05890	-7.01466383268508	-2.1217359800158	-3.49510454607024
AT5G06000	-1.98290190833369	-1.55723396941648	-3.209210567101
AT5G06240	-0.751165036225417	-0.32856524762545	-1.60421933509822
AT5G06330	-2.49669522014455	-0.383427500921214	-2.26540425042278
AT5G08370	-2.34165658943658	-0.669724515398593	-1.70514008063934
AT5G08770	2.04549040153637	1.81018854597707	3.1181565608044
AT5G09290	3.05210795086567	1.0387734736166	2.32518244690583
AT5G09350	1.62577890073598	0.0184449229001014	1.67822990583165
AT5G09980	4.39719065640838	1.90898895409669	0.447663902198083
AT5G09995	-2.60946920234447	-3.18110697371984	-1.93151372173517
AT5G10310	-4.580622788219	-3.26244831126103	-5.48405619087806
AT5G10510	0.329216170702913	0.826321695391707	1.9135775607635
AT5G10946	-1.69921685925719	-0.64027751352582	-1.82646014650284
AT5G11250	-4.53716221120211	-1.04617818862051	0.580975184335868
AT5G11470	-2.03434102885616	-0.923769976452003	-3.58610264543568
AT5G11690	-2.13068383736746	-1.29537576651766	-0.247737507559985
AT5G12900	-5.36311889929845	-2.78079513120061	-1.63514346085462
AT5G13330	6.2066647965449	0.908090325935779	3.54300636777196
AT5G13660	-1.89281071840951	-2.5240268351017	-1.18977575839537
AT5G13820	4.02371962184556	2.28431286414553	1.03731350683621
AT5G14100	-2.73939865212444	-1.16586383068913	-3.55063354412121
AT5G15430	4.21693139685596	1.17370881580997	-0.0663361853225952
AT5G15760	-0.988624529580945	-1.85474724377515	-0.734000180926931
AT5G15780	-2.05042297163211	-1.01800850804107	-2.17833223520783
AT5G17210	2.55380298634104	2.12942685893024	0.342897491001454
AT5G17490	6.11070499614788	2.44654372837442	1.27248788482954
AT5G17660	-1.37830815165228	-1.42933483096659	-2.52828718529374
AT5G17780	3.05668461090663	3.10467954651221	0.890850815531985
AT5G18080	-3.03739143719859	-0.945787872881295	-2.74222729273904
AT5G18360	0.181979294623821	1.58325707499662	0.141011436232187
AT5G18410	-0.992066795378507	-2.34926791793964	-1.30872710617764
AT5G18770	-0.674913568843096	-2.8843531114126	-0.831144897556538
AT5G19110	6.83176483193336	1.97819057506451	3.41702466824597
AT5G19210	-3.25901667320669	-1.45878354431741	-3.14584160432865
AT5G20630	-5.24124807288178	-2.80933101254079	-1.69117506319704
AT5G20670	-3.71012857948545	-3.01215229017789	-4.80855252818604
AT5G21280	6.17469388936237	2.64554320310553	3.80602365354172
AT5G22310	-1.30118018054566	-0.317546755320618	-1.38099724485482
AT5G22788	-2.60121200973427	-4.149826663486	-0.934547315833448
AT5G22820	-1.3631313044713	-0.725745782855035	-2.54248825977373
AT5G22920	-4.0824561936191	-2.53667684302166	-3.85713363880549
AT5G23160	4.35399602139401	2.70097942403638	4.64175387244612
AT5G23820	1.73314205444225	-0.187341743386965	-1.77176500899076
AT5G23950	2.56283713790257	2.12598196620347	0.833440430952066
AT5G23980	-4.51269612935646	-3.38330493882891	-1.92284106928311
AT5G24290	3.45941008616567	1.6996659588609	0.460110057719355
AT5G04105	0.395496277840437	-0.637056592797399	-2.63482210876128
AT5G27400	-1.27259687728297	-2.15662781076087	-0.796806163339438
AT5G35740	-3.4175098129999	0.158430861029222	-1.50948516358499
AT5G35750	-4.1597582766134	-2.95008607208908	-5.13130956474846
AT5G37260	-2.4634235904366	-3.55696283996936	-1.68806887782019
AT5G37490	1.37725470443551	3.27987454814857	1.80188710325449
AT5G37570	-1.62041181855346	-0.348298191238749	-2.27342031691452
AT5G38110	2.38581996679335	-0.266927067078087	1.79157616628328
AT5G38860	-0.872380924832727	-1.11801753569954	-2.5090692619433
AT5G39240	-3.18168281060058	-2.04947207776222	-0.543498554278716
AT5G40040	3.65447693024866	2.40428876159841	4.19658649169669
AT5G40080	-0.667814744233	-2.74055116239239	-1.40862063076365
AT5G40405	-0.516996883913142	-1.49069975788973	-2.89962877117567
AT5G41760	-2.72513487915018	-0.372929584098687	-1.52096876970347
AT5G06305	0.210268695994984	0.260390889823745	-2.06633420892056
AT5G43180	3.65523134902037	1.97096036351347	3.07021236400552
AT5G43400	1.32431447892792	0.260015105260725	1.41434103114873
AT5G43650	7.45578110573294	1.9596748121256	5.33312988796671
AT5G44430	2.91769113186066	-0.585964110426624	-2.07930758559888
AT5G44490	-4.06052304110375	-2.82610414066661	-1.71682603371593
AT5G44660	-4.67463882818921	-2.28229080711145	-3.838708436298
AT5G45790	-3.06391474226252	-1.1519258754663	-2.16689317956095
AT5G06880	2.56971232631566	2.82214453398005	0.314724547443524
AT5G47940	-2.45807344728185	-1.25063532351691	-0.107244712347348
AT5G48360	-3.38830969689009	-5.47103071104833	-3.7164319203237
AT5G48430	3.40966831169835	2.37122422810828	4.24687424130146
AT5G49170	-4.78550008048264	-5.5322983967375	-2.99628160300711
AT5G49215	-2.00193861691711	-1.52544351092209	-2.91297242967965
AT5G49360	-2.89100487930835	-3.68961954396139	-2.62043118324196
AT5G49500	-1.70166956203476	-0.457051352556854	-2.0210897886403
AT5G07455	4.42891452359579	3.63933028541695	4.82047354163772
AT5G50915	-3.07081621905409	-2.43068246626944	-1.35733103168824
AT5G51060	5.66528950207281	-0.71090981406432	1.41846483939998
AT5G51150	-0.400204569371593	-0.300897210487749	-2.16424633370354
AT5G51350	-2.5585294367807	-0.696402284487167	-2.02414122364195
AT5G51560	-3.97577106960018	-3.06502593666887	-5.69827068653734
AT5G51950	-1.25121979489597	-0.897735190309062	-2.08395572143383
AT5G52250	3.13555004877394	-1.07858795844099	0.263170384156864
AT5G52330	3.61705672462466	0.205685664906073	-1.01172917454152
AT5G52850	-2.56110000470882	-0.43743880944308	-3.22984435419728
AT5G53070	-0.808773146836679	-3.16694034989169	-1.17122221072681
AT5G53890	-0.359501616046318	-0.244264792344007	-1.49960565310039
AT5G54585	-1.98943831794039	-2.02074030844244	-3.37945727675581
AT5G56130	-0.309231666608225	-0.528032136975095	-1.7676921830274
AT5G56540	0.311015900403702	0.632842951785738	2.0123636164885
AT5G57100	-4.43581134860146	-2.53177031218508	-0.357111024769941
AT5G57320	2.80949515234756	1.67457127340322	3.71376432228947
AT5G57510	3.19151576912887	0.346852188234699	3.3743218869021
AT5G57760	-5.53366408676473	-5.64191091886769	-3.62905174177017
AT5G57830	-1.19003935070427	-0.341896409386382	-3.07589225548443
AT5G58300	-0.978561270621508	-1.10917736522302	-2.41154916189954
AT5G58340	-2.46691706222558	-1.11124295319449	-2.63231552292613
AT5G08860	-3.67151956636978	-0.193999674317322	-2.1686975056443
AT5G58900	-1.20702766600594	-0.670188930509396	-1.68334277846119
AT5G58960	-2.32680423945706	-0.936148388116242	-1.98850817764988
AT5G59680	0.582486076802732	1.04942883755187	2.06641349049504
AT5G59732	-1.21726878728621	-2.16635934248527	-0.0635032028598768
AT5G59980	-1.01830090993377	-0.86209395527948	-1.99188008392615
AT5G60020	-2.98521005356631	-0.934302733349444	0.12645663642357
AT5G60040	1.14099215368053	-0.588035015284318	1.18755215139998
AT5G60050	-2.22464321574509	-1.94174509159498	-0.916464186509223
AT5G60760	1.07965901660718	3.38966780258805	2.31809838174261
AT5G60870	-3.11673561650821	-0.571582599814608	-2.67757064828976
AT5G61040	-2.09735538351898	-1.76255430445083	-2.86421072702475
AT5G61160	1.9513655558766	1.01201933666482	2.32908383587124
AT5G61200	-5.38338502381387	-2.19058921980617	-0.877088936810455
AT5G61360	0.463514629399131	0.616190417466991	1.7018721977833
AT5G61430	4.75521528823028	3.4414521604789	2.39858414263701
AT5G62150	4.05984883928765	3.71120415030378	2.23868231654286
AT5G62280	-4.67656675208515	-2.19639876019965	-3.93773563472681
AT5G62520	3.52692965781807	0.0690888242075451	2.53491188249309
AT5G62760	-1.21284382432876	-1.60862100167897	-0.590344463368706
AT5G62940	-1.741594949305	-3.31341402802533	-1.33894699255341
AT5G63010	3.91999018060279	2.23049862559925	0.407494621828422
AT5G63140	-3.2615570134682	-3.82672154386014	-2.65898967791224
AT5G63200	-0.541342975329229	-0.655608356245794	-1.70656041288555
AT5G65609	1.95624443613438	3.50941333886095	1.51884538312925
AT5G65740	-2.01663844671738	-3.13551123588067	-1.19206251323417
AT5G66520	-4.80852338491607	-2.43512316986815	-3.61503314375143
AT5G66650	3.31864492073849	1.55203381619352	0.331183912902837
AT3G01142	-1.87584667850347	-2.43716789499826	-0.62678977342552
AT3G01300	-2.26920529602211	-0.183620525575087	-1.53838070230441
AT3G01930	1.34549642376192	-0.452595771019303	-1.55930876812002
AT3G02140	4.45881709288283	2.86575813881242	1.50765900782345
AT3G02480	5.73288249802828	1.36455958393546	2.89760968634726
AT3G02640	-3.7956789995937	-0.147182504995835	-1.17936213344911
AT3G02990	-0.161084950592108	-3.59860145445192	-0.177151381560276
AT3G03180	-2.52553696558522	-2.04646178883064	0.462144766307937
AT3G03630	-2.21338820542821	-2.61657396229952	-1.5677641602608
AT3G04070	1.27653620564878	1.52979543166534	-0.256521195918196
AT3G04443	-5.66698201996394	-2.24039899424907	-3.77160306298475
AT3G04485	-2.890546661118	-1.42215659647612	-4.7212825849105
AT3G05330	3.49444283408118	2.43692126450124	3.6298603530558
AT3G06100	4.28687486402986	0.549710251814519	2.51714821563839
AT3G06490	7.26055760580118	2.42074725742441	1.18842797016981
AT3G06520	-4.30532094993089	0.618536419786111	-0.517958368040203
AT3G06880	-3.51014180634651	-5.02232290758815	-2.73482111131011
AT3G07040	-3.64843639871538	1.06481570759429	-0.164444797294388
AT3G07340	-0.314998048029768	-0.98938754990462	-3.05537480247257
AT3G07550	-1.03336217448576	-1.10466197086819	-2.18445435213174
AT3G07960	0.674936437035599	1.15722648490088	3.43100597809491
AT3G08860	-2.2612954024038	-0.718615817552552	-2.38746785358553
AT3G08990	2.57391825864341	-0.416289486302941	0.875540370802387
AT3G09160	-4.21242806842747	-3.44733819337068	-2.21349322244907
AT3G09710	3.02570584472812	0.520557486443758	1.6631585880164
AT3G09800	-2.46725124077586	-2.23966928024651	-1.00209189095009
AT3G10040	-5.02420966911625	0.145545632897863	-0.892900438229291
AT3G10140	-0.922337450940981	-3.24990938911439	-1.42014048361316
AT3G10720	-1.96070890967051	-0.849757288117249	-2.23363296507377
AT3G10820	1.86165995722505	0.423632494047045	1.8951498087284
AT3G11020	-2.0472765535293	-2.19200241031787	-0.699222755116672
AT3G11110	-3.14431693836957	-4.82615242022417	-3.38359143700134
AT3G11620	-0.844428083979898	-0.775015429597649	-2.24673390058308
AT3G12510	3.70111448756526	1.33155087449673	2.459680416423
AT3G12750	-1.03731773841123	-0.218143277021677	-1.49561820224712
AT3G13433	1.40929610015765	4.33826388022633	3.22353874919429
AT3G14330	-2.70281293776995	-3.10905474153036	-0.8876133386238
AT3G14452	-2.37778626639221	-0.962168923058287	-3.84527162846598
AT3G14670	3.72120123096653	3.81186418092955	0.434692801147297
AT3G14740	-1.86350300264464	-1.97002158190562	-0.0384219146578095
AT3G15650	-0.0769739788246184	-0.398133604367901	-2.91825819910308
AT3G16150	4.19972262523736	0.747250004345038	2.02802154778281
AT3G17120	2.3386953402954	0.82070841063077	-0.242481360581217
AT3G17350	-5.65373149520546	-3.41635192859964	-1.56869153960463
AT3G17710	2.69959547652644	3.7043296501831	2.39484014463199
AT3G17830	-2.37845325298959	-2.72978761992662	-1.56560680613861
AT3G17950	-1.48220781819312	-0.797060189162066	-2.2163710595901
AT3G18630	-1.77029385021329	-3.26343155403297	-1.40883357777455
AT3G18710	-3.42009560567516	-1.96781022795566	-0.846813650567115
AT3G18750	-1.99581204228411	-0.618477190589625	-1.9330386482477
AT3G19350	-2.17603091103682	-0.499677243360714	0.583822508017509
AT3G19850	-4.75710238167435	-2.1757856833057	-3.65884387871097
AT3G20200	-1.57654273256571	-0.613983415883096	-2.39334798216671
AT3G20340	0.0543689671032872	1.3073942608297	0.0753693942028402
AT3G20640	-4.21143365268705	-2.22024355197654	-3.47406368058564
AT3G21240	2.49091619686923	0.0895837775820082	1.24940888755863
AT3G21260	-4.66386586915905	-4.12333665932675	-2.54309365603121
AT3G21400	-0.917287162580205	-3.12573210642384	-1.82515709396319
AT3G21520	2.24509316814776	4.00068943674115	2.42311312927465
AT3G22104	-1.87788873032084	-0.315001362103587	-1.33924836015231
AT3G22415	0.152853193086264	-2.60398172535758	-3.95614110896605
AT3G22740	-2.46736809768779	-1.86274574056358	-3.95650372290327
AT3G22810	-1.79041152236619	0.165407913127232	-0.880292869972776
AT3G23730	-3.7878628591669	-1.78475502733805	-0.710754613125841
AT3G26240	-3.08862850501948	-1.14415061461175	-2.92641185589502
AT3G26310	-2.5213577233676	-0.558570869240359	-2.02806872484999
AT3G26420	-0.577341293739259	0.0191911220290079	-3.06013977589402
AT3G26490	-4.31133113322355	-3.15463716904698	-2.14514598611441
AT3G26630	-0.577576907618698	-0.103598020123212	-1.16004711704079
AT3G26890	-3.08303186769929	-3.27504145204771	-1.00384059182813
AT3G26932	-3.31452183552694	-1.05535043483649	-3.22505449526144
AT3G27060	-2.59984451475553	-2.11326140928777	-0.770253631608663
AT3G27809	7.11082816695448	0.284285530687828	2.1268252906942
AT3G28455	-2.95432587862391	-0.525147935522164	-2.74377745513919
AT3G28660	-0.978082490201988	-3.06532208534986	-0.977244966298724
AT3G29390	-0.5741089806598	0.172677601455937	-1.17235205954605
AT3G41768	1.54434017247875	0.575034513168515	-0.466825012608564
AT3G06355	1.59679996301232	0.945350458682426	-0.22943831066039
AT3G43790	-2.28986883402897	-0.129619849767935	-2.1364502827041
AT3G44440	-2.21163374507202	-1.41744912260061	-2.74623256766866
AT3G07045	5.15330966295703	0.144322189760778	3.30886001994755
AT3G45410	3.8747144181861	5.52822052624024	4.11911496712107
AT3G46180	0.111388444993719	-1.73795392745933	-0.642541411015025
AT3G46580	-2.65707830778144	0.414874155245009	-0.826642171057317
AT3G47640	1.30608815857667	0.91034849445697	2.09910796846685
AT3G48450	4.052414514923	3.96092357934246	2.32676061670541
AT3G48510	6.41181718480056	2.84360771474702	3.8496481479671
AT3G48550	-2.68910928982782	-1.67910213330342	-4.25661828166933
AT3G49160	-2.32843008532845	-0.150178408745295	-1.32844525508631
AT3G49170	-0.18112007513329	0.134644850510737	-1.29500630177744
AT3G50050	-0.588265457973911	-3.09825919762065	-1.05498644772987
AT3G50840	-4.01336707967415	-2.15161246937062	-3.27222181460905
AT3G51390	-0.0581924602593809	0.219501073035878	-1.1250352996011
AT3G51480	-3.05885732443053	-0.595370043888019	-2.73114170231527
AT3G51960	-0.00964699688581239	-2.18619339967541	-1.06116474013939
AT3G52940	-1.99054397683294	-1.71446382405115	-0.61516741512889
AT3G53170	-1.83632404649132	-1.60969683404587	-2.75746465177851
AT3G53190	-3.68339264035408	-1.6266072601441	-2.83132415912141
AT3G53220	-1.34941978828085	-2.54168282565667	-1.40138167247158
AT3G53680	-2.70373558504997	-0.222898494739926	-2.62312227035428
AT3G54750	-2.13935863510963	-0.326172628691896	-2.39404962850359
AT3G55530	0.00671208608205665	-0.101621106879158	-1.28813588652533
AT3G55820	-0.438987284655336	1.66979004085174	0.634410385969287
AT3G56000	-5.43879535990051	-3.01975774933351	-1.57281986459095
AT3G56200	2.70361564209801	0.16936277274435	-1.16411689175391
AT3G56270	1.18427834514696	-0.790939257391268	0.679027107865343
AT3G56360	2.08505015704861	0.481310989139583	1.69327454876048
AT3G56470	2.29693765434415	0.687252282301635	1.88464884950796
AT3G56570	-1.40268295368655	-0.195906451932355	-1.59476910836988
AT3G56890	-4.16909561669919	-0.165879896767669	-1.51201144076598
AT3G57380	4.31611564511367	1.7045938679907	-0.303591863672859
AT3G57470	-1.79604403787288	-1.40832097687832	-3.41152637367279
AT3G57600	-1.42583457171488	-3.67312564295971	-0.522775906391888
AT3G58150	2.01841951492115	1.96385492149752	-1.71335195840446
AT3G59420	-3.33996458677107	-1.56859059044497	-4.90130029506686
AT3G60010	4.15265976524216	2.94260405283906	4.71706066050433
AT3G60960	2.60557732606417	2.87096694861322	0.431552018766076
AT3G61310	-2.42170252470435	-1.34287333835318	-2.36780032911172
AT3G61360	-3.89252096344291	-0.668264681317338	-1.77477912399119
AT3G61480	0.527896004001311	1.35211696472591	0.0516512116535222
AT3G62000	-0.88738441730876	0.241824676543213	-1.39585782608121
AT3G09775	-3.89115921865532	-2.73901547499438	-1.15854695822559
AT3G62500	-2.05843714975535	-1.99512712834054	-0.715070619131337
AT3G62780	3.31985235825371	2.65823705886587	3.71349427093495
AT3G63050	3.16274498992539	1.16575027219456	-0.826132715154875
AT3G63250	-1.32684780612884	-0.850417148739454	-2.23563578175548
AT3G63450	-3.84846442940245	-4.36728151344163	-1.55891882331071
AT2G01818	4.50140083832803	4.72128194136088	3.11318387203831
AT2G01913	-2.93565012163534	-2.90570900875811	-1.59881487410976
AT2G01918	-4.79394514689276	-3.2754282830212	-2.18017685122623
AT2G02310	7.60064947414947	2.32713061575731	4.26024798690434
AT2G02450	-2.24664249510502	-0.121095825043153	-1.13708709179896
AT2G03240	2.43178926436365	0.324153694036406	2.20540242226209
AT2G04270	-1.02520174407079	-1.16169372720658	-2.25353134406724
AT2G04790	-4.19270167282533	-3.24638160813371	-2.09597017957164
AT2G04890	-1.06853580466	-1.9520885936017	-0.451041456107755
AT2G06002	-4.98663417213824	-2.59235256568304	-3.88127986234435
AT2G07773	-0.748708623204508	0.162733640583984	-2.73381244849835
AT2G14290	6.33109416413229	0.722717401330579	-0.799274754180148
AT2G16770	-1.23664939520296	-0.596169597643583	-2.31384644979403
AT2G16780	-2.39421127890897	-0.661556387915032	-2.25128140145437
AT2G16850	-1.54850673510423	-2.8036291588797	-0.569813943323371
AT2G16870	0.983521313921842	2.99039750117587	1.85976474194266
AT2G16990	-1.60679663137364	-1.12643704612649	-2.41989454563576
AT2G17140	-3.87759658784717	-3.33651195864822	-0.141365823991581
AT2G17150	-1.57882944880962	-0.427634781343374	-1.68614248513907
AT2G18210	-3.63100094218319	-2.32214154510472	-0.265143365343108
AT2G18560	-4.37133620656174	-4.26010140236597	-2.84907644364173
AT2G19090	-3.39219049386132	-4.46188249400022	-2.35767852316127
AT2G19670	-1.86099700715574	-1.55309417780192	-2.85971883389499
AT2G19950	-1.29581011630727	-1.33775712534179	-0.2124274561594
AT2G20240	-2.52446107651152	-2.77864299143512	-1.00133259959949
AT2G21050	-1.39157153667187	-0.304815946000546	-1.89768823560849
AT2G21080	-1.94082944299248	-0.809502951988384	-2.21113584284761
AT2G21940	-0.39408494924762	0.0267157334855646	-1.20224612382199
AT2G22770	7.79129733298742	3.18096977660013	1.78068682592199
AT2G22810	-5.35664702405662	-2.40073883759233	-1.12110738872567
AT2G22821	-2.69858323682307	-2.36648905958381	-0.507730432183376
AT2G23030	2.87725149306791	0.831542156006115	-1.64706539157485
AT2G23100	-4.73772422028804	-5.7719940566766	-4.55797103437863
AT2G23610	-1.47055653449236	-1.02078720065283	-2.05023918138098
AT2G23690	-2.41807485354535	-2.10563395282791	-0.965209412506938
AT2G24490	-0.0429943969165782	0.374933499802545	-1.34002812141658
AT2G27060	-3.65186392370238	-1.03653136511965	-3.04821099353601
AT2G27340	-1.00249926604695	-2.08908688271879	-0.0573426571445386
AT2G27402	-2.70285226426514	-3.23112962930057	-1.56614175701675
AT2G27990	1.92597674761661	2.99832751176556	1.740861005608
AT2G28590	1.70873486908895	0.0434607165108103	1.88654280891888
AT2G28630	-4.02259375097761	-2.50921721959277	-1.38124009798174
AT2G29470	7.54466226883203	4.09056454076248	2.454403485639
AT2G30170	-1.74870774090347	-1.71060150427041	-0.645442599051334
AT2G30395	5.41164456207059	2.17698089932132	1.00083286194959
AT2G30420	-7.86387603560112	-2.56157342694529	-1.43582006015309
AT2G30432	-3.86967758164155	-2.64218546975243	-4.68146849131556
AT2G30540	2.99481595295646	1.91940389605209	0.0232657428758354
AT2G30945	0.308376385998682	0.323673219957435	2.02666106404983
AT2G31141	0.526596328242976	1.79591963463018	0.656981649299793
AT2G31160	-3.17338469031631	-2.68958125260587	-1.47618105187851
AT2G31180	6.37265005357714	0.843339847037646	3.00147504658287
AT2G31340	-1.46572340862127	-0.806758290694544	-2.09038774779844
AT2G31730	-2.16095439119971	-0.453825163262337	-1.71534503127724
AT2G31940	3.39126581273665	2.36047952350044	3.53018504323181
AT2G31990	3.51843277959049	4.10214166510016	2.37475013628783
AT2G32440	-1.38785833094053	-0.381709893920704	-1.42492066831966
AT2G32650	-2.50013319404556	-2.03110338430084	-0.912309586824626
AT2G32765	-4.46286556269759	-3.00532929829739	-1.08604987941448
AT2G33680	-0.841624927562953	-2.05777531319234	0.250931487850139
AT2G33735	-4.17390971681835	-4.51754389777596	-2.4460875447036
AT2G08665	-1.02647104790534	-0.242102533405871	-1.63695373834134
AT2G35150	-1.71648289370318	-1.38656573232734	-3.88303680107392
AT2G35470	-1.88094719644639	-3.50800379023338	-2.43389830449069
AT2G35690	-0.947513746194823	-2.04654027728681	-0.921555597239556
AT2G35730	6.80289175428737	2.12887623888458	0.407770647209006
AT2G36080	1.7023653790434	1.06527986654896	0.0519777220025122
AT2G36110	-3.34586934788304	-1.08179391524102	-0.0662891608883598
AT2G36770	3.57970638108724	-0.329893727747344	0.863177050497631
AT2G37380	-4.5432105085154	-2.9529869419978	-4.43687867207857
AT2G37430	3.26978655736964	4.62473706509466	5.83377636161264
AT2G37440	4.30947914485128	2.65729260511064	4.40541203058759
AT2G37585	-4.10660234263862	-3.31104700082944	-1.77131480083338
AT2G37950	-5.21917712114859	-5.54908347709461	-4.54053550955599
AT2G38210	-2.32075014751446	-2.85384499288736	-4.01041547575119
AT2G38570	-2.55788246840381	-0.988547389614759	-3.45107029437531
AT2G38750	2.1529316165675	-0.515428676840274	-1.9719677660645
AT2G40085	-2.21359111721545	-1.27272266890763	-0.209831807231963
AT2G40170	4.77206456695705	3.91957343402739	2.78715297072042
AT2G40260	-0.623578948324629	-2.16510447442049	-0.986926118227798
AT2G40320	0.838075845367711	1.70873640933298	-1.08995565368693
AT2G40390	-3.12357247204067	-1.74792313915953	0.0771620421330371
AT2G40640	-1.6188071023773	0.662722541338454	-2.46984950518405
AT2G40815	-4.53818946390506	-0.752098467238758	-2.55618623352547
AT2G40900	1.10890620844728	-0.115864465068482	1.60176290078719
AT2G41350	-0.867809654197816	-0.786344297741323	-2.0113362459889
AT2G42350	2.01168412653863	2.63041894623195	0.807466996421632
AT2G42370	-2.23224294134204	-0.318287779507832	-2.70327973319444
AT2G42380	-4.72570718800235	-4.94687973351433	-3.94485960539251
AT2G44255	-4.34528620366589	-2.53665016139141	-0.600766636205796
AT2G44580	-0.525642397334583	-2.32463214939491	-0.5970874174715
AT2G44740	-5.30065306511198	-3.43429728142447	-5.03523799362601
AT2G45050	-0.148620443810709	3.60588083866689	2.59773328687597
AT2G45270	-0.799398212995045	-1.8828625158744	-0.353051263323716
AT2G45570	5.63689076923253	2.24983771936473	4.34958860337629
AT2G47160	-3.93309319663529	-1.66834202079088	-3.01500977738666
AT2G47260	3.08174517492213	1.03439830354409	3.00029921852214
AT2G47770	7.14103109856554	4.89205674263158	3.06862468478711
AT4G00150	-3.76230632061727	-3.1348477515129	-1.52033487225742
AT4G00690	1.59812256073368	4.25552883166244	2.97410754056839
AT4G00900	0.590771548824853	-0.0270228625021127	1.21811711949289
AT4G00955	1.69850987700917	2.25272169588973	0.860391060426973
AT4G01250	1.59250627782817	0.642084580641017	2.02110706433845
AT4G01920	1.30636152504326	2.05709569481933	3.10044282835939
AT4G02210	-1.11794657141186	-1.23150012953918	-3.07154015492324
AT4G03070	-1.19890894269754	-4.47923122144071	-2.79383715341797
AT4G04630	-5.95294847751286	-3.8593333081284	-2.76835590461988
AT4G05120	0.241651956905877	-0.036318278609615	1.13531942330291
AT4G05400	-0.877273909461314	-0.427691727480113	-1.70077912755582
AT4G08940	-0.507074391869504	0.051825956891288	1.24700231138946
AT4G10925	-0.183241107111023	0.271042817749614	1.44577913969455
AT4G11290	-1.79792004677766	-1.00664692444846	-2.41406367029073
AT4G11530	-2.88145676357505	-1.05700413458654	0.480757480012251
AT4G13370	-1.72199360255418	0.846403566074657	2.54528547799472
AT4G13410	-0.119538893643764	-4.19184097637718	-1.86253450896167
AT4G13505	0.00695891875506605	0.842590898809147	1.89849985713186
AT4G13810	-4.61932892540048	-2.82244708960155	-1.52345301274043
AT4G14370	2.51348206230475	4.24047142882959	3.20759950247321
AT4G14380	-3.61823592962531	-3.27370399850916	-1.17240374327495
AT4G14548	-1.95477122871592	-1.17917479353744	0.118139156706767
AT4G14620	-1.56190447176292	-1.06505943679676	-2.38419728259271
AT4G15070	2.95111825269958	3.46296060145494	2.3513822578838
AT4G15810	-0.966729123766536	-1.9797328020819	-0.857284910106233
AT4G16350	3.86350201917725	3.70439825571729	1.08765533882868
AT4G16740	2.31009791654641	-1.18577555820033	-2.32823873577858
AT4G16765	-0.955816995878195	-0.677000545682763	-2.2307671911962
AT4G16845	1.51772696596918	0.200328858713798	-0.84866078293768
AT4G17460	-4.65392194945512	-3.23353390727143	-5.1033637485381
AT4G17910	-2.17966120302267	-0.6091396795403	-1.71416651917417
AT4G18210	-1.95630749587926	-1.10527755045256	0.00433823274503942
AT4G18970	-2.90765507613258	-2.09612762045531	-3.53676032402498
AT4G19045	2.56144245516751	2.84864056408881	1.46503752345114
AT4G19380	-1.93382430516639	-1.74824732833363	-3.65222332947013
AT4G19420	-2.79993302613591	-2.22692047238356	-3.25911328698378
AT4G19460	2.95923816360424	0.0771398007318478	1.48804256167426
AT4G19865	-3.95412178302772	-0.354479773958504	-1.7136056875008
AT4G19900	1.705833843372	1.19737492570216	2.38037063270086
AT4G19925	5.60937672129964	1.9112854986564	4.47190192564916
AT4G20430	-4.93009507914198	-1.65488708756356	-4.51892720630543
AT4G21220	-1.95643589876529	-2.85431899704538	-0.304897304720754
AT4G21350	-0.0631753620757849	0.111026874075097	1.32961930640744
AT4G21440	3.50776660130157	0.147377978327417	1.79854351524765
AT4G21445	-4.07405510704574	-1.46989398164316	-2.76719660693212
AT4G21760	-2.97558127260996	-3.61164372473903	-2.56272585213935
AT4G22970	4.09185946731418	1.66597953080524	2.75947401263735
AT4G23800	-2.91616646273159	-1.11058264602567	-0.0616198868912166
AT4G24015	-0.309873242093765	-0.573571078154717	-2.4749953108767
AT4G24340	5.78137990088268	0.306618304975428	-1.00424056105909
AT4G25433	3.29316777700114	0.946474983261378	2.706518630523
AT4G25600	-2.68221662187716	-1.99428329943153	-3.37580536376934
AT4G26540	-4.62267091898566	-5.47139953766327	-2.87606101236259
AT4G27030	-1.52530757521694	-2.03205116919874	-0.804810025491014
AT4G27260	0.554883014939968	-0.441737982042306	1.63822922361836
AT4G28180	-3.57969471561923	-2.05018320742609	-0.960489820863893
AT4G28290	1.428416634125	1.10494306958365	0.0882201129605846
AT4G28310	-1.47257092750867	-3.68274804179185	-1.34639547299964
AT4G28780	-4.77567724097345	-3.11132020285311	-5.19233533507693
AT4G30090	-3.1951715062095	-0.637757341794876	-1.63909811437148
AT4G30230	1.26124743397803	1.9207443820557	0.510051217209329
AT4G30250	3.23102915138172	3.96518981972729	0.752207688047544
AT4G30410	-5.44505625943885	-1.3416720463955	-2.47416968648702
AT4G30720	-1.76461087022416	-2.48099988213708	-0.961855676796917
AT4G30830	2.07740449197702	0.830813074355658	-0.787795499520181
AT4G31000	-1.96110968518769	0.152353365938114	-1.03114974175382
AT4G31050	-2.58834386790024	-0.797263634037345	-2.54669674590495
AT4G32175	-1.6316790652647	-1.89125231750944	-0.542392924559977
AT4G32480	1.23109228546714	-3.07581509036316	-1.41322523316157
AT4G32840	-5.04551936172665	-3.57499502918418	-1.63833988375381
AT4G33000	-3.14912384760172	-2.76064042783666	-1.39322192778034
AT4G33440	0.296596970544276	1.51652354213301	2.68126372076588
AT4G33905	5.66535499313596	4.97423554647252	3.88516134751352
AT4G34650	2.09743151711048	0.582941659076582	-0.431267370231534
AT4G34680	-1.91604870462344	-1.08753161167423	-0.0845000521259687
AT4G34790	-4.78660150793297	-4.19615688205722	-5.23938550429245
AT4G34860	6.75220445455184	2.8605786529515	4.14067588270951
AT4G34900	-7.19688039540339	-4.35014229220781	-2.26364585978907
AT4G35440	-4.41366576454694	-3.54506672668584	-1.80729975131166
AT4G35910	-0.320713988014636	-0.873006141156719	-2.14004541233235
AT4G36110	3.04991895645686	0.0310762282643188	1.15363884032546
AT4G36380	3.50901178641984	1.1138509172872	3.5411971408931
AT4G36410	-2.09387683925326	-4.00029049863794	-2.844617490538
AT4G36470	-2.7609553530874	-3.13572676779839	-0.183598341516377
AT4G36570	-2.21212142008269	-1.99815568676251	-0.816573863861007
AT4G36700	7.55985558845759	2.84174891535004	4.1117470637461
AT4G36820	5.11108380429294	2.05982282703465	3.81356530951137
AT4G36930	1.38343110616616	-0.00565131256961982	-2.53652741036181
AT4G37170	-0.820568079914282	-3.38790553044548	-1.03261630124205
AT4G37290	2.19841378299697	3.00013919433872	5.54078991393764
AT4G37295	2.71819493421953	1.83028775951438	3.00428198136314
AT4G37480	-0.414865854290111	-1.50393865405274	0.037793588492836
AT4G37630	1.41222943129175	0.706295212931268	1.72308875390169
AT4G38050	-0.057944352791774	-0.27685603064068	-1.83689791801903
AT4G38410	0.353275953614558	-0.0398914786343517	1.48708473918049
AT4G38480	-0.953734291925267	3.1535048305044	2.10556858229011
AT4G38670	-0.593169238848189	-1.0878980451386	-2.5330037186919
AT4G39770	-1.76080434251816	-3.32602302891742	-1.13667837967702
